"neuron 1"
	dxdt:4,
	v:-66,
	m:6.49433e-06,
	n:0.00133,
	h:0.999964,
	last_spike:-100,
	spike_duration:0.3,
	thresh:20.0,
	iext:10;
"neuron 2"
	dxdt:4,
	v:-66,
	m:6.49433e-06,
	n:0.00133,
	h:0.999964,
	last_spike:-100,
	spike_duration:0.3,
	thresh:20.0,
	iext:10;